9000 1.0010 3.65e-7
8900 1.0010 3.56e-7
8000 1.0010 5.38e-7
4000 1.0000 6.62e-6
3000 1.0000 9.49e-5
1500 1.0000 2.73e-4
1200 0.999 6.24e-4
1100 0.999 8.23e-4
1000 0.999 8.51e-4
900 1.000 1.74e-4
800 0.999 2.63e-4
700 0.998 3.95e-4
600 0.997 6.51e-4
500 0.997 1.11e-3
400 0.993 2.45e-3
300 0.988 5.13e-3
200 0.978 1.59e-2
150 0.969 3.10e-2
120 0.965 5.40e-2
110 0.968 5.99e-2
105 0.968 6.25e-2
100 0.967 6.53e-2
95 0.965 6.93e-2
92 0.963 7.44e-2
90 0.963 7.88e-2
88 0.963 8.34e-2
86 0.966 8.77e-2
84 0.969 9.11e-2
83 0.971 9.23e-2
82 0.973 9.34e-2
81 0.974 9.43e-2
80 0.977 9.46e-2
79 0.979 9.41e-2
78 0.980 9.36e-2
77 0.982 9.21e-2
76 0.984 9.10e-2
75 0.983 8.72e-2
74 0.979 8.50e-2
73 0.977 8.57e-2
72 0.975 8.68e-2
71 0.974 8.81e-2
70 0.972 8.93e-2
68 0.968 9.27e-2
66 0.967 9.63e-2
64 0.965 0.102
62 0.965 0.107
60 0.966 0.109
58 0.964 0.110
56 0.960 0.114
54 0.957 0.120
52 0.954 0.126
50 0.953 0.134
48 0.952 0.140
46 0.951 0.146
44 0.948 0.151
42 0.942 0.157
40 0.934 0.167
38 0.927 0.180
36 0.922 0.193
34 0.910 0.205
32 0.891 0.223
30 0.856 0.262
29 0.849 0.302
28 0.862 0.346
27 0.884 0.382
26 0.921 0.403
25 0.960 0.396
24 0.961 0.373
23 0.943 0.366
22 0.917 0.381
21 0.897 0.411
20 0.882 0.455
19 0.883 0.507
18 0.890 0.561
17 0.913 0.620
16 0.954 0.673
15.5 0.981 0.695
15 1.01 0.707
14.5 1.03 0.717
14 1.06 0.724
13 1.08 0.724
12 1.09 0.731
11 1.07 0.754
10 1.04 0.818
9.5 1.03 0.867
9.0 1.03 0.921
8.5 1.03 0.979
8.0 1.03 1.03
7.5 1.01 1.09
7.0 0.972 1.20
6.5 0.958 1.37
6.0 1.04 1.59
5.8 1.10 1.67
5.6 1.18 1.74
5.4 1.28 1.78
5.2 1.38 1.80
5.0 1.47 1.78
4.8 1.53 1.71
4.6 1.52 1.67
4.4 1.49 1.64
4.2 1.42 1.64
4.0 1.34 1.72
3.8 1.34 1.81
3.6 1.31 1.87
3.4 1.27 1.95
3.2 1.18 2.21
3.0 1.18 2.21
2.8 1.17 2.36
2.6 1.15 2.50
2.4 1.12 2.60
2.3 1.04 2.59
2.2 0.826 2.60
2.1 0.468 2.81
2.0 0.272 3.24
1.9 0.214 3.67
1.85 0.215 3.86
1.80 0.213 4.05
1.75 0.214 4.24
1.70 0.223 4.43
1.50 0.260 5.26
1.00 0.433 8.46
0.98 0.496 6.78
0.96 0.505 6.92
0.94 0.515 7.06
0.92 0.525 7.21
0.90 0.536 7.36
0.88 0.547 7.53
0.86 0.559 7.70
0.84 0.572 7.88
0.82 0.586 8.06
0.80 0.606 8.26
0.78 0.627 8.47
0.76 0.649 8.69
0.74 0.672 8.92
0.72 0.697 9.16
0.70 0.723 9.41
0.68 0.752 9.68
0.66 0.782 9.97
0.64 0.815 10.3
0.62 0.850 10.6
0.60 0.890 11.0
0.58 0.933 11.3
0.56 0.980 11.8
0.54 1.03 12.2
0.52 1.09 12.7
0.50 1.15 13.2
0.48 1.22 13.7
0.46 1.29 14.4
0.44 1.37 15.0
0.42 1.47 15.7
0.40 1.59 16.5
0.38 1.73 17.4
0.36 1.90 18.4
0.34 2.09 19.6
0.32 2.32 20.8
0.30 2.59 22.2
0.28 2.92 23.7
0.26 3.32 25.4
0.24 3.81 27.5
0.22 4.44 30.0
0.20 5.23 33.0
0.18 6.23 36.3
0.16 7.66 40.3
0.15 8.57 42.6
0.14 9.64 45.1
0.13 10.8 47.5
