9919 0.9999719 2.39e-6
9184 0.9999665 3.13e-6
8551 0.9999608 4.02e-6
8266 0.9999578 4.52e-6
7085 0.9999415 7.78e-6
6199 0.9999227 1.25e-5
4959 0.999879 2.75e-5
4133 0.999831 5.25e-5
3542 0.999794 9.07e-5
3100 0.999769 1.20e-4
2480 0.999706 2.36e-4
2066 0.999637 9.88e-5
1771 0.999395 1.68e-4
1550 0.999156 2.67e-4
1487 0.999085 3.10e-4
1254 0.99885 4.40e-4
1188 0.99871 5.33e-4
1012 0.99820 9.40e-4
929.4 0.99788 1.23e-3
851.5 0.99759 1.57e-3
776.4 0.99734 1.86e-3
704.9 0.99708 2.34e-3
637.5 0.99665 2.68e-3
572.9 0.99652 2.85e-3
524.9 0.99624 3.76e-3
500.3 0.99600 5.60e-3
452.2 0.99592 6.10e-3
395.4 0.99525 6.15e-3
300.0 0.99100 8.95e-3
260.0 0.988 1.06e-2
220.0 0.986 1.18e-2
200 0.983 1.15e-2
180 0.979 1.07e-2
150 0.963 1.01e-2
120 0.929 1.78e-2
110 0.911 2.83e-2
105 0.900 3.53e-2
100 0.889 4.54e-2
88 0.889 5.54e-2
87.5 0.888 5.58e-2
87 0.887 5.76e-2
86 0.886 6.13e-2
85 0.887 6.48e-2
84.5 0.888 6.54e-2
84 0.888 6.33e-2
83.5 0.885 6.37e-2
83 0.884 6.53e-2
82 0.881 6.82e-2
80 0.878 7.52e-2
78 0.875 8.18e-2
76 0.873 8.71e-2
74 0.869 9.27e-2
72 0.862 9.97e-2
70 0.857 0.112
68 0.855 0.124
66 0.856 0.136
64 0.857 0.147
62 0.859 0.156
60 0.863 0.162
58 0.861 0.166
56 0.856 0.171
54 0.848 0.180
52 0.839 0.190
50 0.828 0.204
49 0.821 0.213
48 0.814 0.225
47 0.809 0.238
46 0.805 0.254
45 0.805 0.270
44 0.807 0.282
43 0.807 0.292
42 0.804 0.303
41 0.799 0.317
40 0.795 0.334
39 0.793 0.353
38 0.791 0.371
37 0.788 0.391
36 0.786 0.414
35 0.783 0.439
34 0.779 0.473
33 0.781 0.515
32 0.805 0.570
31 0.851 0.596
30.5 0.870 0.601
30 0.887 0.603
29.5 0.900 0.601
29 0.905 0.599
28 0.901 0.607
27 0.895 0.635
26.38 0.855 0.548
26 0.896 0.679
25.83 0.846 0.565
25.30 0.846 0.600
24.80 0.850 0.645
24.31 0.860 0.695
23.84 0.872 0.740
23.39 0.890 0.795
22.96 0.915 0.825
22.54 0.950 0.840
22.14 0.985 0.848
21.75 1.022 0.850
21.38 1.055 0.842
21.01 1.085 0.830
20.66 1.113 0.813
20.33 1.134 0.795
20.00 1.146 0.770
19.68 1.153 0.750
19.37 1.157 0.730
19.07 1.155 0.710
18.79 1.140 0.700
18.51 1.125 0.694
18.23 1.107 0.687
17.97 1.088 0.680
17.71 1.075 0.678
17.46 1.060 0.680
17.22 1.050 0.685
16.98 1.042 0.690
16.75 1.038 0.697
16.53 1.033 0.704
16.31 1.030 0.713
16.10 1.029 0.720
15.90 1.028 0.730
15.69 1.028 0.739
15.50 1.029 0.745
15.31 1.030 0.752
15.12 1.033 0.759
14.94 1.037 0.765
14.76 1.041 0.770
14.59 1.048 0.775
14.42 1.053 0.780
14.25 1.061 0.784
14.09 1.070 0.789
13.93 1.080 0.793
13.78 1.090 0.798
13.62 1.100 0.801
13.48 1.110 0.806
13.33 1.121 0.809
13.19 1.133 0.812
13.05 1.146 0.815
12.92 1.159 0.819
12.78 1.170 0.823
12.65 1.180 0.826
12.52 1.190 0.831
12.40 1.200 0.836
12.28 1.207 0.842
12.16 1.210 0.848
12.04 1.213 0.853
11.92 1.215 0.860
11.81 1.217 0.865
11.70 1.217 0.870
11.59 1.218 0.878
11.48 1.218 0.885
11.37 1.220 0.893
11.27 1.222 0.900
11.17 1.223 0.907
11.07 1.225 0.914
10.97 1.228 0.922
10.88 1.232 0.927
10.78 1.237 0.932
10.69 1.242 0.935
10.60 1.247 0.942
10.51 1.250 0.950
10.42 1.255 0.955
10.33 1.260 0.962
10.25 1.265 0.967
10.16 1.270 0.975
10.08 1.275 0.982
10.00 1.280 0.987
9.919 1.285 0.994
9.840 1.290 1.000
9.763 1.295 1.005
9.686 1.300 1.012
9.611 1.304 1.017
9.537 1.308 1.020
9.465 1.313 1.027
9.393 1.318 1.032
9.322 1.323 1.038
9.253 1.328 1.045
9.184 1.333 1.050
9.117 1.338 1.053
9.050 1.345 1.058
8.984 1.350 1.063
8.920 1.355 1.067
8.856 1.360 1.072
8.551 1.386 1.089
8.266 1.419 1.102
7.999 1.450 1.108
7.749 1.483 1.106
7.514 1.512 1.093
7.293 1.519 1.070
7.085 1.500 1.070
6.888 1.470 1.085
6.702 1.442 1.107
6.526 1.427 1.135
6.358 1.424 1.170
6.199 1.427 1.215
6.0 1.422 1.306
5.9 1.430 1.334
5.8 1.432 1.364
5.7 1.438 1.388
5.6 1.442 1.418
5.5 1.452 1.442
5.4 1.454 1.478
5.3 1.462 1.510
5.2 1.470 1.550
5.1 1.478 1.590
5.0 1.484 1.636
4.9 1.490 1.698
4.8 1.504 1.748
4.7 1.546 1.784
4.6 1.598 1.822
4.5 1.648 1.852
4.4 1.690 1.882
4.3 1.742 1.900
4.2 1.776 1.918
4.1 1.812 1.920
4.0 1.830 1.916
3.9 1.840 1.904
3.8 1.824 1.878
3.7 1.798 1.860
3.6 1.766 1.846
3.5 1.740 1.848
3.4 1.716 1.862
3.3 1.696 1.906
3.2 1.674 1.936
3.1 1.658 1.956
3.0 1.636 1.958
2.9 1.616 1.940
2.8 1.562 1.904
2.7 1.426 1.846
2.6 1.242 1.796
2.5 0.916 1.840
2.4 0.608 2.120
2.3 0.402 2.540
2.2 0.306 2.88
2.1 0.236 2.88
2.0 0.194 2.88
1.9 0.166 3.15
1.8 0.160 3.80
1.7 0.164 4.35
1.6 0.174 4.86
1.5 0.188 5.39
1.4 0.210 5.88
1.3 0.236 6.47
1.2 0.272 7.07
1.1 0.312 7.93
1.0 0.372 8.77
0.98 0.389 8.09
0.96 0.403 8.25
0.94 0.419 8.42
0.92 0.436 8.59
0.90 0.454 8.77
0.88 0.473 8.96
0.86 0.493 9.15
0.84 0.515 9.36
0.82 0.537 9.58
0.80 0.559 9.81
0.78 0.583 10.1
0.76 0.609 10.3
0.74 0.636 10.6
0.72 0.665 10.9
0.70 0.696 11.2
0.68 0.730 11.5
0.66 0.767 11.9
0.64 0.807 12.2
0.62 0.850 12.6
0.60 0.896 13.0
0.58 0.947 13.4
0.56 1.002 13.9
0.54 1.063 14.4
0.52 1.130 14.9
0.50 1.205 15.5
0.48 1.287 16.1
0.46 1.379 16.8
0.44 1.482 17.5
0.42 1.598 18.3
0.40 1.728 19.2
0.39 1.800 19.7
0.38 1.876 20.2
0.37 1.958 20.7
0.36 2.046 21.3
0.35 2.141 21.9
0.34 2.242 22.5
0.33 2.352 23.1
0.32 2.471 23.9
0.31 2.600 24.6
0.30 2.749 25.4
0.29 2.912 26.3
0.28 3.091 27.2
0.27 3.289 28.2
0.26 3.507 29.3
0.25 3.748 30.5
0.24 4.007 31.7
0.23 4.292 32.9
0.22 4.611 34.3
0.21 4.971 35.9
0.20 5.423 37.5
0.195 5.684 38.3
0.19 5.966 39.1
0.185 6.270 40.1
0.18 6.598 41.0
0.175 6.937 42.0
0.17 7.282 43.0
0.165 7.655 44.1
0.16 8.060 45.2
0.155 8.500 46.4
0.15 9.016 47.6
0.145 9.582 48.8
0.14 10.21 50.2
0.135 10.84 51.6
0.13 11.51 53.1
0.125 12.24 54.7
