10000 0.9990 1.29e-6
8000 1.000 2.92e-6
6000 1.002 8.36e-6
5000 1.001 1.52e-5
4500 1.001 2.21e-5
4000 1.003 3.57e-5
3600 1.003 3.24e-5
3500 1.003 1.72e-5
3000 1.001 1.43e-5
2500 1.001 2.40e-5
2000 1.001 4.72e-5
1500 0.999 1.21e-4
1000 0.998 5.23e-4
800 0.997 1.08e-3
740 0.998 1.42e-3
600 0.997 2.69e-3
500 0.997 4.57e-3
400 0.998 8.82e-3
370 1.007 8.23e-3
350 1.001 1.68e-3
300 0.996 2.32e-3
280 0.994 2.70e-3
260 0.992 3.11e-3
240 0.989 3.50e-3
220 0.987 3.45e-3
200 0.982 3.77e-3
180 0.978 4.31e-3
170 0.973 4.42e-3
160 0.968 4.38e-3
150 0.963 4.07e-3
140 0.955 3.54e-3
130 0.943 3.66e-3
120 0.926 6.22e-3
110 0.902 1.72e-2
105 0.890 2.61e-2
100 0.876 3.82e-2
95 0.861 5.65e-2
90 0.849 8.24e-2
85 0.846 0.111
80 0.848 0.139
78 0.851 0.149
76 0.853 0.158
74 0.853 0.166
72 0.851 0.181
70 0.859 0.197
68 0.871 0.208
66 0.883 0.211
64 0.885 0.210
62 0.881 0.211
60 0.873 0.221
58 0.868 0.237
56 0.871 0.259
54 0.885 0.274
53 0.890 0.275
52 0.889 0.276
51 0.886 0.281
50 0.884 0.290
49 0.885 0.300
48 0.888 0.309
47 0.893 0.317
46 0.896 0.323
44 0.899 0.334
42 0.897 0.349
40 0.896 0.368
39 0.895 0.378
38 0.892 0.388
37 0.885 0.400
36 0.876 0.418
35 0.865 0.454
34 0.879 0.489
33 0.899 0.514
32 0.921 0.528
31 0.932 0.534
30 0.931 0.541
29 0.919 0.557
28.5 0.911 0.572
28 0.902 0.590
27.5 0.851 0.616
27 0.886 0.650
26.5 0.886 0.421
26 0.887 0.444
25.5 0.891 0.468
24.5 0.906 0.522
23.5 0.943 0.584
23 0.980 0.614
22.5 1.029 0.624
22 1.075 0.615
21.5 1.104 0.584
21 1.109 0.561
20.5 1.105 0.549
20 1.098 0.548
19 1.096 0.565
18 1.101 0.593
17 1.121 0.635
16 1.167 0.676
15.5 1.202 0.691
15 1.243 0.693
14.5 1.281 0.679
14 1.308 0.656
13.5 1.322 0.628
13 1.322 0.603
12.5 1.315 0.588
12.1 1.308 0.581
11.8 1.304 0.578
11.5 1.300 0.573
11.2 1.293 0.566
10.9 1.280 0.560
10.6 1.265 0.560
10.3 1.252 0.564
10.0 1.241 0.568
9.7 1.229 0.566
9.2 1.182 0.550
9.0 1.149 0.552
8.8 1.112 0.563
8.6 1.073 0.581
8.4 1.032 0.610
8.2 0.993 0.653
8.0 0.962 0.706
7.8 0.940 0.770
7.6 0.935 0.832
7.4 0.936 0.892
7.2 0.942 0.951
7.0 0.953 1.01
6.8 0.969 1.07
6.6 0.995 1.13
6.4 1.028 1.18
6.3 1.048 1.21
6.2 1.072 1.24
6.1 1.098 1.26
6.0 1.125 1.27
5.8 1.173 1.29
5.6 1.208 1.30
5.4 1.238 1.31
5.2 1.265 1.33
5.0 1.298 1.35
4.9 1.320 1.35
4.8 1.343 1.35
4.7 1.372 1.35
4.6 1.404 1.33
4.5 1.441 1.31
4.4 1.476 1.26
4.3 1.502 1.19
4.2 1.519 1.08
4.15 1.522 0.992
4.1 1.496 0.882
4.05 1.432 0.766
4.0 1.323 0.647
3.98 1.246 0.586
3.95 1.149 0.540
3.93 1.044 0.514
3.9 0.932 0.504
3.88 0.815 0.526
3.85 0.708 0.565
3.83 0.616 0.609
3.8 0.526 0.663
3.75 0.371 0.813
3.73 0.321 0.902
3.7 0.294 0.986
3.65 0.259 1.12
3.6 0.238 1.24
3.5 0.209 1.44
3.4 0.186 1.61
3.3 0.200 1.67
3.2 0.192 1.81
3.1 0.173 1.95
3.0 0.173 2.11
2.9 0.160 2.26
2.8 0.157 2.40
2.7 0.144 2.56
2.6 0.132 2.72
2.5 0.130 2.88
2.4 0.130 3.07
2.3 0.129 3.25
2.2 0.120 3.45
2.1 0.121 3.66
2.0 0.131 3.88
1.9 0.140 4.15
1.8 0.140 4.44
1.7 0.148 4.74
1.6 0.143 5.09
1.5 0.145 5.50
1.4 0.163 5.95
1.3 0.198 6.43
1.2 0.226 6.99
1.1 0.251 7.67
1.0 0.329 8.49
0.98 0.375 7.78
0.96 0.383 7.92
0.94 0.392 8.06
0.92 0.401 8.21
0.90 0.411 8.37
0.88 0.421 8.37
0.86 0.431 8.70
0.84 0.442 8.88
0.82 0.455 9.08
0.80 0.469 9.32
0.78 0.485 9.57
0.76 0.501 9.84
0.74 0.519 10.1
0.72 0.537 10.4
0.70 0.557 10.7
0.68 0.578 11.1
0.66 0.600 11.4
0.64 0.624 11.8
0.62 0.650 12.2
0.60 0.668 12.6
0.58 0.729 13.0
0.56 0.774 13.5
0.54 0.823 14.0
0.52 0.878 14.5
0.50 0.939 15.1
0.48 1.007 15.7
0.46 1.083 16.4
0.44 1.168 17.1
0.42 1.265 17.9
0.40 1.387 18.8
0.38 1.536 19.8
0.36 1.710 20.9
0.34 1.915 22.1
0.32 2.160 23.5
0.30 2.446 25.1
0.28 2.786 26.9
0.26 3.202 29.0
0.24 3.732 31.3
0.22 4.425 34.0
0.20 5.355 37.0
0.19 5.960 38.6
0.18 6.670 40.4
0.17 7.461 42.5
0.16 8.376 44.8
0.15 9.441 47.1
0.14 10.69 49.4
0.13 12.21 52.2
0.125 13.11 53.7
